
power = 2024.76925955881
throughput = 8706.07
composite = 4198.54533232251
